Ichihara_20170929090600.jpg 327,453,566,473,3 332,404,545,435,3 150,393,294,574,0
Ichihara_20170929090605.jpg 115,461,336,489,2 262,376,405,598,0
Ichihara_20170929090607.jpg 465,432,600,478,2 418,492,473,597,0
Ichihara_20170929090611.jpg 271,402,295,439,0 315,382,346,414,0 516,401,600,494,0 415,411,477,474,0
Ichihara_20170929090613.jpg 293,467,445,596,0
Ichihara_20170929090636.jpg 459,425,594,554,7 197,426,250,466,7 316,399,390,439,7 223,455,295,588,0 1,492,147,596,7
Ichihara_20170929090732.jpg 195,383,301,444,7 6,443,600,600,6
Ichihara_20170929090823.jpg 1,441,320,600,5
Ichihara_20170929090851.jpg 313,459,379,594,7
Ichihara_20170929090857.jpg 391,398,493,593,1
Ichihara_20170929090905.jpg 449,434,600,549,1
Ichihara_20170929090922.jpg 230,368,321,553,0
Ichihara_20170929091413.jpg 2,446,600,600,6
Ichihara_20170929091537.jpg 8,481,158,600,7
Ichihara_20170929091540.jpg 402,411,480,474,1 122,417,212,474,1 1,475,120,561,7 481,474,600,571,7
Ichihara_20170929091548.jpg 60,396,291,592,0
Ichihara_20170929091556.jpg 1,385,255,600,7 141,401,300,595,0
Ichihara_20170929091627.jpg 3,475,588,508,7 122,448,243,600,0
Ichihara_20170929091630.jpg 3,436,600,526,6
Ichihara_20170929091637.jpg 485,470,600,553,7 2,467,173,599,7 78,433,243,593,0
Ichihara_20170929091913.jpg 6,458,600,598,6
Ichihara_20170929091944.jpg 388,393,600,568,7
Ichihara_20170929091958.jpg 386,381,600,575,7 34,407,253,600,7 205,390,300,600,0
Ichihara_20170929092034.jpg 419,416,598,515,0 255,471,332,593,0
Ichihara_20170929092227.jpg 451,446,583,564,0
Ichihara_20170929092238.jpg 387,412,593,562,7
Ichihara_20170929092243.jpg 387,419,584,588,0
Ichihara_20170929092312.jpg 392,384,598,594,7 273,445,568,476,2
Ichihara_20170929092402.jpg 408,399,578,536,1 220,464,527,509,3 38,464,206,600,7
Ichihara_20170929092408.jpg 25,427,246,597,7 425,404,600,586,7 178,478,267,597,0
Ichihara_20170929092431.jpg 415,402,600,560,7 144,403,311,598,0
Ichihara_20170929092434.jpg 46,390,302,598,7 421,403,600,554,7 184,423,297,580,0
Ichihara_20170929092438.jpg 401,398,600,574,7 47,414,264,595,7 128,428,290,593,0
Ichihara_20170929092555.jpg 32,414,600,567,6
Ichihara_20170929092610.jpg 2,448,200,590,7 364,398,524,600,0
Ichihara_20170929092618.jpg 373,366,510,465,7 511,563,593,596,0 66,403,275,583,7 188,525,266,596,0
Ichihara_20170929092635.jpg 431,418,600,548,7 71,387,306,600,7 209,428,304,600,0
Ichihara_20170929092636.jpg 179,432,269,598,0 41,407,275,600,7 395,379,599,534,7
Ichihara_20170929092640.jpg 199,424,524,587,4 46,445,230,597,7 368,371,598,565,7
Ichihara_20170929092649.jpg 39,401,286,597,7 394,372,600,545,7 166,385,326,594,0
Ichihara_20170929092653.jpg 386,370,591,505,5 38,448,215,589,0 237,416,357,588,0
Ichihara_20170929092711.jpg 416,382,600,582,7 138,395,320,596,0
Ichihara_20170929092715.jpg 378,374,592,569,7 208,424,314,593,0
Ichihara_20170929092720.jpg 387,375,600,591,7 1,423,244,598,7 169,417,295,598,0
Ichihara_20170929092731.jpg 419,399,600,540,7 225,514,303,600,0
Ichihara_20170929092735.jpg 264,458,321,520,0 402,382,598,529,7
Ichihara_20170929092757.jpg 155,395,338,594,4
Ichihara_20170929092758.jpg 216,397,583,588,4
Ichihara_20170929092802.jpg 181,434,383,600,4
Ichihara_20170929092810.jpg 367,370,404,550,1
Ichihara_20170929092908.jpg 282,404,428,554,7
Ichihara_20170929092925.jpg 236,445,463,560,0
Ichihara_20170929092947.jpg 444,413,515,472,1 69,410,285,596,7 246,491,321,592,0
Ichihara_20170929092954.jpg 437,483,544,597,7 409,419,450,480,1
Ichihara_20170929093011.jpg 25,397,270,599,7 429,414,589,561,1
Ichihara_20170929093025.jpg 388,386,566,533,1 409,403,478,459,7
Ichihara_20170929093044.jpg 448,434,600,562,7 403,396,598,567,1
Ichihara_20170929093047.jpg 491,470,600,560,7 359,394,506,560,0
Ichihara_20170929093142.jpg 374,355,497,461,1 220,371,391,560,5
Ichihara_20170929093150.jpg 417,385,566,590,1
Ichihara_20170929093159.jpg 190,497,595,597,4
Ichihara_20170929093204.jpg 460,418,591,515,7 362,370,593,547,1
Ichihara_20170929093237.jpg 253,493,329,584,0
Ichihara_20170929093251.jpg 450,428,587,552,1 375,418,439,554,0 180,504,278,593,0
Ichihara_20170929093311.jpg 61,414,281,600,4
Ichihara_20170929093316.jpg 77,417,274,598,0 389,429,560,600,4
Ichihara_20170929093320.jpg 313,491,433,597,0 94,396,384,589,4
Ichihara_20170929093420.jpg 217,393,336,494,0 189,514,265,593,0 297,398,357,592,1
Ichihara_20170929093421.jpg 181,370,349,600,0
Ichihara_20170929093423.jpg 192,376,366,588,0
Ichihara_20170929093428.jpg 245,401,357,530,4 413,424,551,533,4
Ichihara_20170929093433.jpg 232,381,346,597,0
Ichihara_20170929093506.jpg 464,397,600,593,1
Ichihara_20170929093523.jpg 335,386,600,559,1 179,514,237,590,0
Ichihara_20170929093541.jpg 397,391,578,577,1
Ichihara_20170929093544.jpg 427,424,600,596,1
Ichihara_20170929093607.jpg 355,392,597,598,4
Ichihara_20170929093631.jpg 400,412,551,596,0
Ichihara_20170929093642.jpg 398,437,518,593,0
Ichihara_20170929093729.jpg 462,395,600,544,1
Ichihara_20170929093730.jpg 153,413,581,591,4
Ichihara_20170929093734.jpg 78,419,276,597,7 363,407,600,600,4
Ichihara_20170929093806.jpg 136,382,407,600,4
Ichihara_20170929093810.jpg 379,377,532,538,1 24,444,306,600,4
Ichihara_20170929093814.jpg 403,383,568,520,1 112,394,389,594,4
Ichihara_20170929093821.jpg 176,559,333,599,2 467,480,594,580,0 345,368,600,577,1
Ichihara_20170929093845.jpg 541,497,600,558,7 230,372,342,588,1
Ichihara_20170929093914.jpg 224,447,531,497,3 475,440,600,534,7 53,482,249,600,0
Ichihara_20170929093920.jpg 397,388,450,422,7 21,388,268,594,7 389,441,592,600,0 112,429,282,600,0
Ichihara_20170929093927.jpg 8,410,246,591,7 137,488,217,594,0 436,405,600,543,7
Ichihara_20170929093932.jpg 90,392,600,595,4
Ichihara_20170929093953.jpg 438,404,542,478,1 245,428,303,506,0 316,501,388,574,0
Ichihara_20170929094025.jpg 1,455,191,582,7 469,453,600,558,7 163,410,597,450,6
Ichihara_20170929094027.jpg 1,468,596,593,6
Ichihara_20170929094031.jpg 445,449,597,591,0
Ichihara_20170929094110.jpg 206,446,600,597,4
Ichihara_20170929094136.jpg 289,437,391,591,0
Ichihara_20170929094143.jpg 499,499,584,589,0 185,520,257,588,0
Ichihara_20170929094206.jpg 403,364,520,587,1
Ichihara_20170929094224.jpg 1,385,253,518,7 6,382,600,600,5
Ichihara_20170929094228.jpg 122,468,480,600,0
Ichihara_20170929094231.jpg 225,412,470,583,5
Ichihara_20170929094241.jpg 477,446,600,539,7 196,441,300,593,0
Ichihara_20170929094244.jpg 451,386,511,432,0 453,424,600,535,1
Ichihara_20170929094252.jpg 456,419,595,442,3 403,360,585,591,1
Ichihara_20170929094403.jpg 425,438,505,600,0
Ichihara_20170929094420.jpg 283,402,548,594,0 167,451,220,497,0
Ichihara_20170929094438.jpg 359,433,449,568,0 161,420,332,600,0 386,394,491,600,1
Ichihara_20170929094445.jpg 366,386,499,590,1
Ichihara_20170929094446.jpg 363,378,450,529,1 180,452,304,581,0
Ichihara_20170929094448.jpg 169,457,266,600,0
Ichihara_20170929094617.jpg 44,421,247,597,7 361,378,596,557,1 310,506,391,599,0
Ichihara_20170929094650.jpg 417,453,521,594,7
Ichihara_20170929094653.jpg 447,453,600,600,7 372,394,474,469,0
Ichihara_20170929094656.jpg 404,434,571,594,0 490,427,600,503,0 465,438,600,567,7
Ichihara_20170929094702.jpg 425,402,592,569,1
Ichihara_20170929094705.jpg 468,428,600,567,1
Ichihara_20170929094709.jpg 55,407,354,600,4
Ichihara_20170929094713.jpg 418,409,600,598,1 398,492,479,598,0
Ichihara_20170929094716.jpg 72,382,314,600,4
Ichihara_20170929094723.jpg 55,392,585,600,4
Ichihara_20170929094726.jpg 405,392,600,564,4 88,394,333,593,4
Ichihara_20170929094729.jpg 435,434,600,562,4 86,394,323,600,4
Ichihara_20170929094735.jpg 104,426,286,600,4
Ichihara_20170929094739.jpg 406,396,600,596,4 172,402,323,598,4
Ichihara_20170929094746.jpg 213,391,290,449,5 438,445,577,589,7
Ichihara_20170929094749.jpg 390,373,474,458,1 70,417,324,600,4
Ichihara_20170929094807.jpg 121,412,589,600,4
Ichihara_20170929094957.jpg 446,456,568,600,1
Ichihara_20170929095014.jpg 411,432,504,516,0
Ichihara_20170929095106.jpg 476,463,600,567,7 16,454,201,595,7
Ichihara_20170929095125.jpg 460,422,581,505,1
Ichihara_20170929095200.jpg 473,436,600,541,7 18,450,213,600,7
Ichihara_20170929095216.jpg 369,381,596,508,4
Ichihara_20170929095220.jpg 451,419,580,525,7 129,405,300,580,0
Ichihara_20170929095222.jpg 420,386,449,410,1 530,470,595,522,1 450,410,534,469,7
Ichihara_20170929095223.jpg 508,452,600,523,1 42,452,218,593,7 441,405,512,457,7
Ichihara_20170929095230.jpg 85,458,245,587,0
Ichihara_20170929095531.jpg 279,439,597,600,4 77,388,215,523,4
Ichihara_20170929095535.jpg 414,383,596,586,7 68,470,244,594,0
Ichihara_20170929095543.jpg 99,446,524,597,4
Ichihara_20170929095610.jpg 393,374,600,559,7
Ichihara_20170929095641.jpg 417,408,600,592,7 267,457,333,595,0
Ichihara_20170929095650.jpg 393,386,579,593,7
Ichihara_20170929095702.jpg 267,361,322,598,7
Ichihara_20170929095720.jpg 375,370,600,536,7 163,407,357,590,4
Ichihara_20170929095734.jpg 385,387,593,540,7 192,481,281,596,0
Ichihara_20170929095755.jpg 411,365,600,531,7 411,424,533,532,0 152,431,363,573,4 256,370,324,458,0
Ichihara_20170929095758.jpg 404,386,600,579,7 117,436,294,598,0
Ichihara_20170929095808.jpg 6,427,591,594,6
Ichihara_20170929095905.jpg 168,403,312,600,0
Ichihara_20170929095913.jpg 438,455,582,595,0
Ichihara_20170929095925.jpg 537,485,598,555,7 222,450,382,594,0 440,408,543,483,1
Ichihara_20170929095928.jpg 478,447,600,546,7
Ichihara_20170929095929.jpg 478,446,600,554,7 204,437,316,584,0
Ichihara_20170929095935.jpg 339,386,400,461,0 459,430,600,560,7 71,464,260,592,0 272,418,338,592,0
Ichihara_20170929095942.jpg 409,387,450,422,7 537,481,600,538,7 260,462,314,596,0
Ichihara_20170929100041.jpg 248,416,306,498,0
Ichihara_20170929100045.jpg 153,381,590,600,6
Ichihara_20170929100134.jpg 1,401,259,594,1
Ichihara_20170929100140.jpg 253,394,334,483,0 406,376,595,533,7 24,394,296,591,7
Ichihara_20170929100143.jpg 204,418,420,597,4 36,403,288,590,7
Ichihara_20170929100152.jpg 7,445,215,599,7 287,434,328,543,0
Ichihara_20170929100326.jpg 3,474,183,597,7 471,433,592,594,0
Ichihara_20170929100722.jpg 518,474,596,539,0 85,465,594,599,6
Ichihara_20170929100854.jpg 5,467,600,590,6
Ichihara_20170929101027.jpg 449,389,600,531,7 345,461,372,519,1 233,505,281,556,0 282,428,332,470,0
Ichihara_20170929101035.jpg 306,463,582,485,3 37,430,272,600,1 267,463,332,588,1
Ichihara_20170929101038.jpg 281,376,352,453,0 188,472,281,600,0
Ichihara_20170929101041.jpg 435,376,556,454,1 276,363,338,440,0 142,466,276,600,0
Ichihara_20170929101054.jpg 6,546,596,595,7 114,407,596,453,6
Ichihara_20170929101112.jpg 65,427,597,485,6
Ichihara_20170929101116.jpg 7,458,600,595,6
Ichihara_20170929101121.jpg 18,390,294,600,7 387,430,538,600,0
Ichihara_20170929101124.jpg 186,510,247,587,0
Ichihara_20170929101139.jpg 450,381,600,447,0 339,388,375,426,0 399,452,458,586,0
Ichihara_20170929101144.jpg 7,439,596,576,6
Ichihara_20170929101155.jpg 1,526,111,595,0 366,425,463,599,0
Ichihara_20170929101203.jpg 538,507,600,582,0 433,449,495,502,0 270,467,414,599,0
Ichihara_20170929101210.jpg 48,458,225,600,7 498,452,600,546,0 244,463,432,600,0
Ichihara_20170929101213.jpg 472,411,600,511,0 18,399,232,488,1 226,485,304,594,0
Ichihara_20170929101217.jpg 472,419,600,516,1
Ichihara_20170929101220.jpg 382,381,528,587,0 214,473,284,578,0
Ichihara_20170929101223.jpg 417,430,592,597,0 133,465,258,596,0 266,434,311,499,0
Ichihara_20170929101304.jpg 210,374,318,497,1 51,491,220,592,0
Ichihara_20170929101307.jpg 484,559,565,593,0 133,427,290,593,1
Ichihara_20170929101310.jpg 287,391,389,538,0
Ichihara_20170929101317.jpg 452,393,520,441,1 224,453,266,503,0
Ichihara_20170929101321.jpg 311,448,589,482,2 345,539,597,558,2 360,451,455,592,0 147,448,283,597,0
Ichihara_20170929101324.jpg 226,371,341,539,1 446,365,600,449,0 351,451,588,577,0
Ichihara_20170929101327.jpg 412,370,478,428,0 268,372,381,593,0
Ichihara_20170929101334.jpg 445,381,598,454,0 241,392,331,579,0
Ichihara_20170929101337.jpg 554,421,593,452,0 418,377,496,440,0 394,419,483,556,0 286,400,369,600,0
Ichihara_20170929101340.jpg 369,373,589,472,0 206,387,348,583,0
Ichihara_20170929101343.jpg 301,505,370,592,0 315,487,596,520,2 462,384,595,514,0
Ichihara_20170929101348.jpg 409,554,600,597,2 314,469,367,567,0
Ichihara_20170929101404.jpg 244,534,420,591,2
Ichihara_20170929101432.jpg 356,363,432,598,1
Ichihara_20170929101441.jpg 184,395,327,499,1
Ichihara_20170929101458.jpg 302,365,312,405,7 295,438,327,597,7
Ichihara_20170929101527.jpg 17,426,600,483,6
Ichihara_20170929101532.jpg 435,387,558,592,1 468,475,542,592,7
Ichihara_20170929101646.jpg 411,402,435,556,1 406,431,436,543,7
Ichihara_20170929101717.jpg 70,373,320,598,7 222,422,311,570,0
